3 150 200
3 150 240
3 150 280
3 150 320
3 150 360
3 150 400
3 150 440
3 150 480
3 150 520
3 150 560
3 190 200
3 190 240
3 190 280
3 190 320
3 190 360
3 190 400
3 190 440
3 190 480
3 190 520
3 190 560
3 230 200
3 230 240
3 230 280
3 230 320
3 230 360
3 230 400
3 230 440
3 230 480
3 230 520
3 230 560
3 270 200
3 270 240
3 270 280
3 270 320
3 270 360
3 270 400
3 270 440
3 270 480
3 270 520
3 270 560
3 310 200
3 310 240
3 310 280
3 310 320
3 310 360
3 310 400
3 310 440
3 310 480
3 310 520
3 310 560
3 350 200
3 350 240
3 350 280
3 350 320
3 350 360
3 350 400
3 350 440
3 350 480
3 350 520
3 350 560
3 390 200
3 390 240
3 390 280
3 390 320
3 390 360
3 390 400
3 390 440
3 390 480
3 390 520
3 390 560
3 430 200
3 430 240
3 430 280
3 430 320
3 430 360
3 430 400
3 430 440
3 430 480
3 430 520
3 430 560
3 470 200
3 470 240
3 470 280
3 470 320
3 470 360
3 470 400
3 470 440
3 470 480
3 470 520
3 470 560
3 510 200
3 510 240
3 510 280
3 510 320
3 510 360
3 510 400
3 510 440
3 510 480
3 510 520
3 510 560
3 750 200
3 750 240
3 750 280
3 750 320
3 750 360
3 750 400
3 750 440
3 750 480
3 750 520
3 750 560
3 790 200
3 790 240
3 790 280
3 790 320
3 790 360
3 790 400
3 790 440
3 790 480
3 790 520
3 790 560
3 830 200
3 830 240
3 830 280
3 830 320
3 830 360
3 830 400
3 830 440
3 830 480
3 830 520
3 830 560
3 870 200
3 870 240
3 870 280
3 870 320
3 870 360
3 870 400
3 870 440
3 870 480
3 870 520
3 870 560
3 910 200
3 910 240
3 910 280
3 910 320
3 910 360
3 910 400
3 910 440
3 910 480
3 910 520
3 910 560
3 950 200
3 950 240
3 950 280
3 950 320
3 950 360
3 950 400
3 950 440
3 950 480
3 950 520
3 950 560
3 990 200
3 990 240
3 990 280
3 990 320
3 990 360
3 990 400
3 990 440
3 990 480
3 990 520
3 990 560
3 1030 200
3 1030 240
3 1030 280
3 1030 320
3 1030 360
3 1030 400
3 1030 440
3 1030 480
3 1030 520
3 1030 560
3 1070 200
3 1070 240
3 1070 280
3 1070 320
3 1070 360
3 1070 400
3 1070 440
3 1070 480
3 1070 520
3 1070 560
3 1110 200
3 1110 240
3 1110 280
3 1110 320
3 1110 360
3 1110 400
3 1110 440
3 1110 480
3 1110 520
3 1110 560
0