1 200 160
1 970 160
1 585 420
2 0 160
2 330 160
2 530 160
2 730 160
2 770 160
2 1100 160
2 0 420
2 200 420
2 385 420
2 715 420
2 915 420
2 1100 420
3 330 120
3 370 120
3 410 120
3 450 120
3 490 120
3 530 120
3 570 120
3 610 120
3 650 120
3 690 120
3 730 120
3 770 120
3 810 120
3 850 120
3 890 120
3 930 120
3 130 260
3 130 300
3 130 340
3 130 380
3 1130 260
3 1130 300
3 1130 340
3 1130 380
3 130 640
3 170 640
3 210 640
3 250 640
3 290 640
3 330 640
3 370 640
3 410 640
3 450 640
3 490 640
3 530 640
3 570 640
3 610 640
3 650 640
3 690 640
3 730 640
3 770 640
3 810 640
3 850 640
3 890 640
3 930 640
3 970 640
3 1010 640
3 1050 640
3 1090 640
3 1130 640
4 170 280
4 170 320
4 170 360
4 210 280
4 210 320
4 210 360
4 250 280
4 250 320
4 250 360
4 290 280
4 290 320
4 290 360
4 330 280
4 330 320
4 330 360
4 370 280
4 370 320
4 370 360
4 410 280
4 410 320
4 410 360
4 450 280
4 450 320
4 450 360
4 490 280
4 490 320
4 490 360
4 530 280
4 530 320
4 530 360
4 570 280
4 570 320
4 570 360
4 610 280
4 610 320
4 610 360
4 650 280
4 650 320
4 650 360
4 690 280
4 690 320
4 690 360
4 730 280
4 730 320
4 730 360
4 770 280
4 770 320
4 770 360
4 810 280
4 810 320
4 810 360
4 850 280
4 850 320
4 850 360
4 890 280
4 890 320
4 890 360
4 930 280
4 930 320
4 930 360
4 970 280
4 970 320
4 970 360
4 1010 280
4 1010 320
4 1010 360
4 1050 280
4 1050 320
4 1050 360
4 1090 280
4 1090 320
4 1090 360
4 130 540
4 130 580
4 170 540
4 170 580
4 210 540
4 210 580
4 250 540
4 250 580
4 290 540
4 290 580
4 330 540
4 330 580
4 370 540
4 370 580
4 410 540
4 410 580
4 450 540
4 450 580
4 490 540
4 490 580
4 530 540
4 530 580
4 570 540
4 570 580
4 610 540
4 610 580
4 650 540
4 650 580
4 690 540
4 690 580
4 730 540
4 730 580
4 770 540
4 770 580
4 810 540
4 810 580
4 850 540
4 850 580
4 890 540
4 890 580
4 930 540
4 930 580
4 970 540
4 970 580
4 1010 540
4 1010 580
4 1050 540
4 1050 580
4 1090 540
4 1090 580
4 1130 540
4 1130 580
4 740 700
4 740 740
4 780 700
4 780 740
4 820 700
4 820 740
4 860 700
4 860 740
4 900 700
4 900 740
4 940 700
4 940 740
4 980 700
4 980 740
4 1020 700
4 1020 740
4 1060 700
4 1060 740
4 1100 700
4 1100 740
4 1140 700
4 1140 740
4 1180 740
0